[LEFT_CAM_2K]
fx=1543.78
fy=1544.57
cx=1094.66
cy=615.715
k1=-0.0345246
k2=0.0273663
k3=-0.0276268
k4=0.0187331

[RIGHT_CAM_2K]
fx=1545.23
fy=1544.99
cx=1081.1
cy=617.496
k1=-0.0383875
k2=0.0402006
k3=-0.0423503
k4=0.0227852

[LEFT_CAM_FHD]
fx=1543.78
fy=1544.57
cx=950.66
cy=534.715
k1=-0.0345246
k2=0.0273663
k3=-0.0276268
k4=0.0187331

[RIGHT_CAM_FHD]
fx=1545.23
fy=1544.99
cx=937.1
cy=536.496
k1=-0.0383875
k2=0.0402006
k3=-0.0423503
k4=0.0227852

[LEFT_CAM_HD]
fx=771.89
fy=772.285
cx=633.83
cy=355.8575
k1=-0.0345246
k2=0.0273663
k3=-0.0276268
k4=0.0187331

[RIGHT_CAM_HD]
fx=772.615
fy=772.495
cx=627.05
cy=356.748
k1=-0.0383875
k2=0.0402006
k3=-0.0423503
k4=0.0227852

[LEFT_CAM_VGA]
fx=385.945
fy=386.1425
cx=332.415
cy=185.42875
k1=-0.0345246
k2=0.0273663
k3=-0.0276268
k4=0.0187331

[RIGHT_CAM_VGA]
fx=386.3075
fy=386.2475
cx=329.025
cy=185.874
k1=-0.0383875
k2=0.0402006
k3=-0.0423503
k4=0.0227852

[STEREO]
Baseline=62.8243
TY=-0.0180836
TZ=0.243798
CV_2K=0.0107685
CV_FHD=0.0107685
CV_HD=0.0107685
CV_VGA=0.0107685
RX_2K=0.00194703
RX_FHD=0.00194703
RX_HD=0.00194703
RX_VGA=0.00194703
RZ_2K=0.000228629
RZ_FHD=0.000228629
RZ_HD=0.000228629
RZ_VGA=0.000228629

[MISC]
Sensor_ID=0

