[LEFT_CAM_2K]
fx=1541.04
fy=1541.16
cx=1102.97
cy=600.402
k1=-0.0372554
k2=0.0225176
k3=-0.00982202
k4=0.0067952

[RIGHT_CAM_2K]
fx=1544.34
fy=1544.51
cx=1094.73
cy=595.436
k1=-0.0381509
k2=0.0345745
k3=-0.0371798
k4=0.0261158

[LEFT_CAM_FHD]
fx=1541.04
fy=1541.16
cx=958.97
cy=519.402
k1=-0.0372554
k2=0.0225176
k3=-0.00982202
k4=0.0067952

[RIGHT_CAM_FHD]
fx=1544.34
fy=1544.51
cx=950.73
cy=514.436
k1=-0.0381509
k2=0.0345745
k3=-0.0371798
k4=0.0261158

[LEFT_CAM_HD]
fx=770.52
fy=770.58
cx=637.985
cy=348.201
k1=-0.0372554
k2=0.0225176
k3=-0.00982202
k4=0.0067952

[RIGHT_CAM_HD]
fx=772.17
fy=772.255
cx=633.865
cy=345.718
k1=-0.0381509
k2=0.0345745
k3=-0.0371798
k4=0.0261158

[LEFT_CAM_VGA]
fx=385.26
fy=385.29
cx=334.4925
cy=181.6005
k1=-0.0372554
k2=0.0225176
k3=-0.00982202
k4=0.0067952

[RIGHT_CAM_VGA]
fx=386.085
fy=386.1275
cx=332.4325
cy=180.359
k1=-0.0381509
k2=0.0345745
k3=-0.0371798
k4=0.0261158

[STEREO]
Baseline=62.8538
TY=-0.14478
TZ=0.0861626
CV_2K=0.00487155
CV_FHD=0.00487155
CV_HD=0.00487155
CV_VGA=0.00487155
RX_2K=0.00145592
RX_FHD=0.00145592
RX_HD=0.00145592
RX_VGA=0.00145592
RZ_2K=0.000523782
RZ_FHD=0.000523782
RZ_HD=0.000523782
RZ_VGA=0.000523782

[MISC]
Sensor_ID=0

