[LEFT_CAM_2K]
fx=1054.87
fy=1054.73
cx=1096.24
cy=614.267
k1=-0.0394108
k2=0.00919547
p1=0.00010587
p2=0.00037718
k3=-0.00479

[RIGHT_CAM_2K]
fx=1054.35
fy=1053.37
cx=1099.5
cy=607.24
k1=-0.0430047
k2=0.0115404
p1=0.00044126
p2=-0.000174894
k3=-0.00528563

[LEFT_CAM_FHD]
fx=1054.87
fy=1054.73
cx=952.24
cy=533.267
k1=-0.0394108
k2=0.00919547
p1=0.00010587
p2=0.00037718
k3=-0.00479

[RIGHT_CAM_FHD]
fx=1054.35
fy=1053.37
cx=955.5
cy=526.24
k1=-0.0430047
k2=0.0115404
p1=0.00044126
p2=-0.000174894
k3=-0.00528563

[LEFT_CAM_HD]
fx=527.435
fy=527.365
cx=634.62
cy=355.1335
k1=-0.0394108
k2=0.00919547
p1=0.00010587
p2=0.00037718
k3=-0.00479

[RIGHT_CAM_HD]
fx=527.175
fy=526.685
cx=636.25
cy=351.62
k1=-0.0430047
k2=0.0115404
p1=0.00044126
p2=-0.000174894
k3=-0.00528563

[LEFT_CAM_VGA]
fx=263.7175
fy=263.6825
cx=332.81
cy=185.06675
k1=-0.0394108
k2=0.00919547
p1=0.00010587
p2=0.00037718
k3=-0.00479

[RIGHT_CAM_VGA]
fx=263.5875
fy=263.3425
cx=333.625
cy=183.31
k1=-0.0430047
k2=0.0115404
p1=0.00044126
p2=-0.000174894
k3=-0.00528563

[STEREO]
Baseline=119.853
TY=-0.164677
TZ=0.16404
CV_2K=0.000238724
CV_FHD=0.000238724
CV_HD=0.000238724
CV_VGA=0.000238724
RX_2K=0.00255524
RX_FHD=0.00255524
RX_HD=0.00255524
RX_VGA=0.00255524
RZ_2K=4.5826e-05
RZ_FHD=4.5826e-05
RZ_HD=4.5826e-05
RZ_VGA=4.5826e-05

[MISC]
Sensor_ID=0

